xyV
Emag =

     3.990234715846936e-04


Edir =

 -19.841907980056188

xyOpt
